   0 107 241 190 124  80
 107   0 148 137  88 127
 241 148   0 374 171 259
 190 137 374   0 202 234
 124  88 171 202   0  61 
  80 127 259 234  61   0